1766983107.600000 0.697051
1766983107.700000 0.763456
1766983107.800000 0.842463
1766983107.900000 0.947470
1766983108.000000 1.065655
1766983108.200000 1.401532
1766983108.300000 1.607148
1766983108.400000 1.836555
1766983108.500000 2.078127
1766983108.600000 2.337482
1766983108.800000 2.882370
1766983108.900000 3.173700
1766983109.000000 3.463651
1766983109.200000 4.045076
1766983109.300000 4.339532
1766983109.400000 4.632061
1766983109.600000 5.223356
1766983109.700000 5.507831
1766983109.800000 5.803281
1766983109.900000 6.097121
1766983110.000000 6.388961
1766983110.200000 6.974303
1766983110.300000 7.263705
1766983110.400000 7.562033
1766983110.500000 7.857953
1766983110.600000 8.152397
1766983110.700000 8.454579
1766983110.800000 8.756536
1766983110.900000 9.052316
1766983111.000000 9.348204
1766983111.200000 9.945604
1766983111.400000 10.541954
1766983111.500000 10.838535
1766983111.600000 11.138586
1766983111.800000 11.730579
1766983111.900000 12.031384
1766983112.000000 12.336793
1766983112.200000 12.946046
1766983112.400000 13.535076
1766983112.600000 14.140182
1766983112.700000 14.441147
1766983112.800000 14.742776
1766983112.900000 15.036766
1766983113.000000 15.334421
1766983113.200000 15.931093
1766983113.400000 16.517167
1766983113.600000 17.108888
1766983113.700000 17.403951
1766983113.800000 17.703663
1766983113.900000 18.000694
1766983114.100000 18.589202
1766983114.300000 19.183748
1766983114.500000 19.766609
1766983114.700000 20.349969
1766983114.800000 20.636761
1766983115.000000 21.220196
1766983115.200000 21.797378
1766983115.400000 22.367828
1766983115.600000 22.945821
1766983115.700000 23.231488
1766983115.900000 23.801585
1766983116.000000 24.095021
1766983116.200000 24.670067
1766983116.300000 24.955570
1766983116.500000 25.530868
1766983116.700000 26.106876
1766983116.900000 26.679295
1766983117.100000 27.246759
1766983117.300000 27.826262
1766983117.400000 28.113935
1766983117.500000 28.405884
1766983117.700000 28.987455
1766983117.800000 29.284409
1766983117.900000 29.568126
1766983118.000000 29.857086
1766983118.200000 30.431945
1766983118.300000 30.721746
1766983118.500000 31.299836
1766983118.700000 31.881610
1766983118.900000 32.466545
1766983119.100000 33.044692
1766983119.300000 33.615629
1766983119.500000 34.199627
1766983119.700000 34.785774
1766983119.900000 35.373841
1766983120.000000 35.670809
1766983120.200000 36.265890
1766983120.300000 36.561859
1766983120.400000 36.856828
1766983120.500000 37.155734
1766983120.700000 37.732560
1766983120.900000 38.325452
1766983121.100000 38.926302
1766983121.300000 39.514209
1766983121.500000 40.099255
1766983121.700000 40.691170
1766983121.900000 41.297124
1766983122.000000 41.591101
1766983122.200000 42.190057
1766983122.400000 42.790050
1766983122.600000 43.400045
1766983122.800000 44.000003
1766983122.900000 44.302982
1766983123.000000 44.611084
1766983123.200000 45.218081
1766983123.300000 45.523060
1766983123.500000 46.133181
1766983123.700000 46.745139
1766983123.800000 47.052240
1766983124.000000 47.668361
1766983124.200000 48.281360
1766983124.400000 48.901564
1766983124.500000 49.205711
1766983124.600000 49.512688
1766983124.700000 49.819792
1766983124.800000 50.130897
1766983124.900000 50.435048
1766983125.000000 50.739156
1766983125.200000 51.303472
1766983125.400000 51.741899
1766983125.500000 51.922987
1766983125.600000 52.068086
1766983125.800000 52.236547
1766983125.900000 52.279314
1766983126.000000 52.316247
1766983126.200000 52.367785
1766983126.300000 52.392697
1766983126.400000 52.422125
1766983126.500000 52.454215
1766983126.700000 52.551036
1766983126.900000 52.715076
1766983127.100000 52.950031
1766983127.300000 53.254293
1766983127.400000 53.428802
1766983127.500000 53.624389
1766983127.700000 54.097255
1766983127.900000 54.708236
1766983128.000000 55.076664
1766983128.200000 55.923362
1766983128.300000 56.408425
1766983128.500000 57.492891
1766983128.700000 58.759611
1766983128.900000 60.234468
1766983129.100000 61.951777
1766983129.300000 63.893694
1766983129.400000 64.947427
1766983129.500000 66.039358
1766983129.600000 67.178119
1766983129.700000 68.343673
1766983129.800000 69.545229
1766983129.900000 70.771777
1766983130.000000 72.015461
1766983130.200000 74.564313
1766983130.300000 75.873798
1766983130.400000 77.213965
1766983130.500000 78.572880
1766983130.600000 79.946090
1766983130.700000 81.352179
1766983130.800000 82.768156
1766983130.900000 84.209412
1766983131.000000 85.673239
1766983131.200000 88.649777
1766983131.300000 90.167850
1766983131.400000 91.703998
1766983131.500000 93.267307
1766983131.600000 94.847493
1766983131.700000 96.443348
1766983131.800000 98.067369
1766983131.900000 99.693078
1766983132.000000 101.335752
1766983132.200000 104.657685
1766983132.400000 108.013197
1766983132.600000 111.392504
1766983133.000000 118.201178
1766983133.200000 121.613450
1766983133.400000 125.014751
1766983133.600000 128.423861
1766983134.000000 135.248065
1766983134.200000 138.670909
1766983134.400000 142.082562
1766983134.600000 145.491902
1766983134.800000 148.906853
1766983135.000000 152.339293
1766983135.200000 155.800383
1766983135.400000 159.285381
1766983135.600000 162.858538
1766983135.800000 166.524063
1766983136.000000 170.275419
1766983136.200000 174.090903
1766983136.400000 177.920678
1766983136.600000 181.742898
1766983136.800000 185.515425
1766983137.000000 189.191866
1766983137.200000 192.747548
1766983137.300000 194.476019
1766983137.500000 197.828812
1766983137.700000 201.046697
1766983137.900000 204.140977
1766983138.100000 207.142734
1766983138.300000 210.050539
1766983138.500000 212.884456
1766983138.700000 215.651085
1766983138.900000 218.364751
1766983139.100000 221.052614
1766983139.300000 223.706151
1766983139.500000 226.360382
1766983139.700000 229.047342
1766983139.900000 231.762324
1766983140.100000 234.518235
1766983140.300000 237.328001
1766983140.500000 240.200463
1766983140.700000 243.149122
1766983140.900000 246.184107
1766983141.100000 249.292713
1766983141.300000 252.471664
1766983141.500000 255.705469
1766983141.700000 258.988708
1766983142.000000 263.985094
1766983142.200000 267.360386
1766983142.400000 270.743568
1766983142.600000 274.148588
1766983142.800000 277.578761
1766983143.000000 281.012408
1766983143.200000 284.443106
1766983143.400000 287.874470
1766983143.600000 291.289347
1766983143.800000 294.688868
1766983144.000000 298.093332
1766983144.200000 301.508681
1766983144.400000 304.916544
1766983144.600000 308.330706
1766983144.800000 311.744624
1766983145.000000 315.146525
1766983145.200000 318.551917
1766983145.400000 321.951867
1766983145.600000 325.323142
1766983145.800000 328.691606
1766983146.000000 332.017779
1766983146.200000 335.321588
1766983146.400000 338.585053
1766983146.600000 341.810444
1766983146.800000 345.004252
1766983147.000000 348.147503
1766983147.200000 351.253944
1766983147.400000 354.337109
1766983147.600000 357.385491
1766983147.800000 360.396123
1766983148.000000 363.341421
1766983148.200000 366.253408
1766983148.400000 369.108578
1766983148.600000 371.913254
1766983148.800000 374.670849
1766983149.000000 377.357240
1766983149.200000 379.985125
1766983149.400000 382.544414
1766983149.600000 385.014160
1766983149.800000 387.411866
1766983150.000000 389.731824
1766983150.200000 391.955289
1766983150.400000 394.085698
1766983150.600000 396.126326
1766983150.800000 398.083442
1766983151.000000 399.952305
1766983151.200000 401.743770
1766983151.600000 405.104956
1766983151.700000 405.893882
1766983151.900000 407.418200
1766983152.100000 408.851564
1766983152.300000 410.197637
1766983152.500000 411.425576
1766983152.700000 412.557545
1766983152.900000 413.585406
1766983153.100000 414.499553
1766983153.300000 415.309563
1766983153.500000 416.001179
1766983153.700000 416.580729
1766983153.900000 417.048657
1766983154.100000 417.412156
1766983154.300000 417.679822
1766983154.500000 417.863812
1766983154.700000 418.000411
1766983154.900000 418.083871
1766983155.100000 418.122283
1766983155.300000 418.115555
1766983155.500000 418.080579
1766983155.700000 417.991294
1766983155.900000 417.848964
