1766983107.199778 0.582533
1766983107.299879 0.627775
1766983107.399961 0.668658
1766983107.499804 0.713104
1766983107.599891 0.765008
1766983107.699978 0.832780
1766983107.799820 0.914151
1766983107.899899 1.011431
1766983107.999993 1.135326
1766983108.099828 1.301223
1766983108.199921 1.480158
1766983108.299895 1.703953
1766983108.399981 1.939694
1766983108.499834 2.189267
1766983108.599927 2.446331
1766983108.699776 2.698215
1766983108.799992 2.965559
1766983108.899822 3.243267
1766983108.999913 3.540354
1766983109.099987 3.807825
1766983109.199829 4.074392
1766983109.299925 4.360842
1766983109.399890 4.638655
1766983109.499985 4.897066
1766983109.599831 5.154736
1766983109.699932 5.431905
1766983109.799775 5.717119
1766983109.899983 6.014848
1766983109.999809 6.307102
1766983110.099899 6.597635
1766983110.199885 6.884420
1766983110.299974 7.165042
1766983110.399806 7.447075
1766983110.499897 7.760875
1766983110.599975 8.067790
1766983110.699812 8.359670
1766983110.799897 8.649058
1766983110.899985 8.934278
1766983110.999826 9.239037
1766983111.099913 9.538629
1766983111.199887 9.830543
1766983111.299980 10.124390
1766983111.399821 10.422139
1766983111.499895 10.720320
1766983111.599875 11.024402
1766983111.699958 11.326260
1766983111.799799 11.615484
1766983111.899894 11.906701
1766983111.999986 12.215526
1766983112.099825 12.517216
1766983112.199916 12.817125
1766983112.299884 13.109476
1766983112.399969 13.410188
1766983112.499811 13.716140
1766983112.599909 14.013195
1766983112.699997 14.308202
1766983112.799818 14.599319
1766983112.899916 14.900638
1766983112.999776 15.194269
1766983113.099879 15.494377
1766983113.199967 15.800323
1766983113.299812 16.097469
1766983113.399898 16.392328
1766983113.499984 16.685693
1766983113.599822 16.987919
1766983113.699909 17.284722
1766983113.799877 17.582984
1766983113.899958 17.878189
1766983113.999798 18.175750
1766983114.099882 18.469458
1766983114.199969 18.760810
1766983114.299810 19.052927
1766983114.399898 19.344043
1766983114.499988 19.639962
1766983114.599832 19.932595
1766983114.699921 20.225398
1766983114.799887 20.511195
1766983114.899951 20.800913
1766983114.999799 21.095180
1766983115.099892 21.384846
1766983115.199980 21.674585
1766983115.299826 21.958311
1766983115.399911 22.245452
1766983115.499885 22.532754
1766983115.599968 22.818221
1766983115.699802 23.105982
1766983115.799876 23.393298
1766983115.899960 23.678214
1766983115.999790 23.967116
1766983116.099888 24.255355
1766983116.199980 24.537114
1766983116.299830 24.824213
1766983116.399916 25.112038
1766983116.499875 25.400851
1766983116.599973 25.687079
1766983116.699820 25.972528
1766983116.799919 26.260801
1766983116.899882 26.549239
1766983116.999979 26.838555
1766983117.099829 27.125291
1766983117.199922 27.414098
1766983117.299884 27.706521
1766983117.399966 27.991491
1766983117.499805 28.279487
1766983117.599883 28.569239
1766983117.699975 28.862644
1766983117.799810 29.152263
1766983117.899890 29.434702
1766983117.999981 29.724079
1766983118.099821 30.016322
1766983118.199912 30.306881
1766983118.299889 30.597304
1766983118.399981 30.891136
1766983118.499836 31.179731
1766983118.599921 31.469119
1766983118.699995 31.755340
1766983118.799840 32.046317
1766983118.899923 32.336203
1766983118.999877 32.625259
1766983119.099974 32.916019
1766983119.199813 33.205179
1766983119.299903 33.498024
1766983119.399990 33.790942
1766983119.499822 34.082000
1766983119.599907 34.374443
1766983119.699987 34.669078
1766983119.799821 34.964602
1766983119.899896 35.257188
1766983119.999983 35.546367
1766983120.099829 35.837735
1766983120.199913 36.134669
1766983120.299883 36.433160
1766983120.399970 36.732491
1766983120.499833 37.024617
1766983120.599914 37.318586
1766983120.699995 37.612134
1766983120.799824 37.905232
1766983120.899905 38.198051
1766983120.999987 38.491481
1766983121.099821 38.787209
1766983121.199917 39.082966
1766983121.299885 39.379197
1766983121.399974 39.674053
1766983121.499819 39.968825
1766983121.599912 40.266554
1766983121.699877 40.563832
1766983121.799980 40.860194
1766983121.899821 41.159746
1766983121.999908 41.460090
1766983122.099878 41.758210
1766983122.199968 42.059033
1766983122.299804 42.358811
1766983122.399896 42.660723
1766983122.499981 42.962312
1766983122.599807 43.261159
1766983122.699902 43.565115
1766983122.799998 43.870440
1766983122.899831 44.176690
1766983122.999918 44.478455
1766983123.099879 44.780953
1766983123.199968 45.084571
1766983123.299810 45.389591
1766983123.399903 45.695104
1766983123.499886 45.999734
1766983123.599977 46.307114
1766983123.699822 46.612842
1766983123.799902 46.919678
1766983123.899977 47.223860
1766983123.999830 47.531592
1766983124.099926 47.840813
1766983124.199891 48.150672
1766983124.299988 48.457609
1766983124.399832 48.762011
1766983124.499923 49.068102
1766983124.599991 49.378364
1766983124.699832 49.689791
1766983124.799920 50.000725
1766983124.899885 50.305615
1766983124.999988 50.605178
1766983125.099831 50.887554
1766983125.199905 51.150670
1766983125.299982 51.382377
1766983125.399825 51.582280
1766983125.499913 51.754699
1766983125.599882 51.891767
1766983125.699961 51.989994
1766983125.799807 52.063159
1766983125.899906 52.119720
1766983125.999880 52.154224
1766983126.099974 52.180605
1766983126.199796 52.207464
1766983126.299892 52.234896
1766983126.399979 52.252176
1766983126.499833 52.281520
1766983126.599912 52.315801
1766983126.699981 52.366173
1766983126.799840 52.441137
1766983126.899935 52.532077
1766983126.999780 52.637108
1766983127.099995 52.757566
1766983127.199845 52.892490
1766983127.299918 53.044477
1766983127.399886 53.219974
1766983127.499980 53.414537
1766983127.599814 53.641761
1766983127.699903 53.899891
1766983127.799986 54.191974
1766983127.899821 54.511919
1766983127.999896 54.875967
1766983128.099989 55.286457
1766983128.199836 55.724072
1766983128.299922 56.205841
1766983128.399877 56.724388
1766983128.499960 57.280518
1766983128.599807 57.881227
1766983128.699897 58.538390
1766983128.799986 59.245091
1766983128.899831 60.003068
1766983128.999938 60.832563
1766983129.099780 61.727933
1766983129.199889 62.677264
1766983129.299975 63.684305
1766983129.399800 64.735710
1766983129.499990 65.825901
1766983129.599842 66.958968
1766983129.699929 68.121419
1766983129.799893 69.309761
1766983129.899983 70.518711
1766983129.999834 71.750520
1766983130.099930 73.011917
1766983130.199897 74.313413
1766983130.299992 75.624741
1766983130.399830 76.959063
1766983130.499918 78.332245
1766983130.599887 79.711412
1766983130.699971 81.118621
1766983130.799805 82.543236
1766983130.899896 83.993644
1766983130.999983 85.457780
1766983131.099829 86.909898
1766983131.199927 88.426012
1766983131.299882 89.942552
1766983131.399967 91.463148
1766983131.499806 93.033523
1766983131.599901 94.606193
1766983131.699988 96.215109
1766983131.799833 97.806251
1766983131.899930 99.431750
1766983131.999776 101.097008
1766983132.099982 102.732579
1766983132.199818 104.386830
1766983132.299911 106.067632
1766983132.399878 107.754578
1766983132.499971 109.445537
1766983132.599809 111.154087
1766983132.699894 112.854764
1766983132.799973 114.539779
1766983132.899826 116.220444
1766983132.999924 117.892564
1766983133.099875 119.612896
1766983133.199966 121.322917
1766983133.299793 123.046127
1766983133.399876 124.755032
1766983133.499967 126.471750
1766983133.599793 128.172629
1766983133.699889 129.893675
1766983133.799993 131.605066
1766983133.899823 133.326785
1766983133.999915 135.057852
1766983134.099885 136.770522
1766983134.199981 138.488952
1766983134.299827 140.196013
1766983134.399920 141.876785
1766983134.499779 143.564472
1766983134.599981 145.270654
1766983134.699827 146.964761
1766983134.799920 148.661828
1766983134.899877 150.376863
1766983134.999971 152.117699
1766983135.099812 153.845601
1766983135.199900 155.583498
1766983135.299994 157.333050
1766983135.399841 159.084633
1766983135.499920 160.883694
1766983135.599775 162.688443
1766983135.699997 164.504784
1766983135.799835 166.342117
1766983135.899923 168.223944
1766983135.999878 170.117436
1766983136.099970 172.022287
1766983136.199814 173.966383
1766983136.299910 175.913186
1766983136.399998 177.866410
1766983136.499830 179.749531
1766983136.599925 181.647852
1766983136.699895 183.510624
1766983136.799995 185.400495
1766983136.899830 187.231494
1766983136.999918 189.031660
1766983137.099886 190.839736
1766983137.199966 192.592374
1766983137.299807 194.327954
1766983137.399903 196.079354
1766983137.499989 197.764179
1766983137.599832 199.381490
1766983137.699903 200.950429
1766983137.799989 202.526394
1766983137.899826 204.033486
1766983137.999913 205.514985
1766983138.099991 207.009043
1766983138.199838 208.482290
1766983138.299926 209.952193
1766983138.399881 211.366788
1766983138.499966 212.788151
1766983138.599803 214.174646
1766983138.699892 215.567482
1766983138.799985 216.958314
1766983138.899821 218.330553
1766983138.999919 219.683342
1766983139.099889 221.020613
1766983139.199981 222.355383
1766983139.299814 223.683396
1766983139.399898 225.011246
1766983139.499995 226.333128
1766983139.599823 227.697545
1766983139.699927 229.072268
1766983139.799890 230.459484
1766983139.899984 231.847138
1766983139.999814 233.215596
1766983140.099905 234.598371
1766983140.199993 236.003246
1766983140.299833 237.424883
1766983140.399921 238.875143
1766983140.499879 240.341943
1766983140.599969 241.818129
1766983140.699802 243.314365
1766983140.799881 244.822519
1766983140.899982 246.357065
1766983140.999812 247.890264
1766983141.099897 249.485188
1766983141.199991 251.082442
1766983141.299845 252.659670
1766983141.399941 254.274419
1766983141.499782 255.892416
1766983141.599887 257.525305
1766983141.699986 259.149947
1766983141.799819 260.802765
1766983141.899902 262.498867
1766983141.999991 264.206167
1766983142.099830 265.901201
1766983142.199928 267.586654
1766983142.299778 269.276785
1766983142.399989 270.964952
1766983142.499823 272.680092
1766983142.599908 274.404225
1766983142.699990 276.134797
1766983142.799832 277.872064
1766983142.899936 279.587336
1766983142.999898 281.304134
1766983143.099985 283.038496
1766983143.199816 284.766322
1766983143.299900 286.482279
1766983143.399985 288.199193
1766983143.499842 289.920590
1766983143.599925 291.613892
1766983143.699895 293.369421
1766983143.799979 295.097044
1766983143.899815 296.786089
1766983143.999920 298.482004
1766983144.099887 300.171212
1766983144.199971 301.887895
1766983144.299809 303.627678
1766983144.399904 305.362881
1766983144.499875 307.091693
1766983144.599965 308.834718
1766983144.699809 310.529901
1766983144.799889 312.211573
1766983144.899992 313.906949
1766983144.999832 315.605615
1766983145.099912 317.318451
1766983145.199895 319.038794
1766983145.299978 320.745173
1766983145.399821 322.439178
1766983145.499935 324.152592
1766983145.599780 325.835732
1766983145.699987 327.524823
1766983145.799830 329.189700
1766983145.899924 330.864946
1766983145.999884 332.572984
1766983146.099960 334.227079
1766983146.199796 335.860610
1766983146.299886 337.499297
1766983146.399959 339.153713
1766983146.499810 340.794445
1766983146.599903 342.415729
1766983146.699988 344.017388
1766983146.799840 345.604442
1766983146.899938 347.179274
1766983146.999791 348.771207
1766983147.099896 350.336588
1766983147.199978 351.909602
1766983147.299830 353.487409
1766983147.399917 355.055251
1766983147.499892 356.592336
1766983147.599971 358.116726
1766983147.699812 359.646939
1766983147.799898 361.153660
1766983147.899993 362.667602
1766983147.999830 364.146210
1766983148.099921 365.634667
1766983148.199997 367.079304
1766983148.299837 368.550418
1766983148.399927 370.002426
1766983148.499896 371.429905
1766983148.599980 372.835051
1766983148.699814 374.197898
1766983148.799893 375.592040
1766983148.899985 376.976590
1766983148.999821 378.326774
1766983149.099904 379.679619
1766983149.199875 381.002093
1766983149.299982 382.319153
1766983149.399807 383.612317
1766983149.499898 384.876682
1766983149.599986 386.104729
1766983149.699836 387.327930
1766983149.799918 388.517590
1766983149.899878 389.699467
1766983149.999976 390.869746
1766983150.099825 392.023781
1766983150.199905 393.133858
1766983150.299994 394.191883
1766983150.399829 395.257963
1766983150.499924 396.294879
1766983150.599895 397.355948
1766983150.699986 398.403710
1766983150.799822 399.356015
1766983150.899915 400.287341
1766983150.999882 401.203717
1766983151.099969 402.098798
1766983151.199796 403.001107
1766983151.299898 403.900125
1766983151.399980 404.791232
1766983151.499830 405.655978
1766983151.599910 406.448936
1766983151.699880 407.266778
1766983151.799970 408.035855
1766983151.899816 408.800451
1766983151.999904 409.535789
1766983152.099991 410.290523
1766983152.199841 410.987080
1766983152.299921 411.653358
1766983152.399880 412.292993
1766983152.499960 412.893890
1766983152.599810 413.475697
1766983152.699899 414.037635
1766983152.799971 414.600763
1766983152.899809 415.114577
1766983152.999894 415.618017
1766983153.099985 416.104321
1766983153.199833 416.558503
1766983153.299922 416.957206
1766983153.399899 417.329138
1766983153.499986 417.661929
1766983153.599834 417.988675
1766983153.699906 418.297749
1766983153.799991 418.568116
1766983153.899839 418.831640
1766983153.999929 419.063561
1766983154.099891 419.239184
1766983154.199977 419.407772
1766983154.299813 419.549439
1766983154.399917 419.689722
1766983154.499996 419.822286
1766983154.599828 419.905516
1766983154.699921 419.959221
1766983154.799884 420.011074
1766983154.899967 420.087550
1766983154.999802 420.147185
1766983155.099887 420.193036
1766983155.199977 420.192290
1766983155.299793 420.203940
1766983155.399879 420.199493
1766983155.499977 420.210906
1766983155.599814 420.190451
1766983155.699905 420.163460
1766983155.799986 420.119066
1766983155.899835 420.048271
1766983155.999917 419.993285
1766983156.099894 419.926190
